 0 8 8 8 8 8 8 8 0 8 8 8 8 8 0 8 8 8 8 8 8 8 8 8 0 8 8 8 8 8 0 8 8 8 8 8 0 8 8 8 0
 8 1 1 1 1 1 1 1 8 1 1 1 1 1 8 1 1 1 1 1 1 1 1 1 8 1 1 1 1 1 8 1 1 1 1 1 8 1 1 1 8
 0 8 8 1 8 8 8 8 8 1 8 8 8 1 8 1 8 8 8 8 8 8 8 1 8 1 8 1 8 1 8 8 8 1 8 1 8 1 8 8 0
 8 1 1 1 8 1 1 1 1 1 8 1 8 1 1 1 8 1 1 1 1 1 8 1 8 1 8 1 8 1 1 1 8 1 8 1 8 1 1 1 8
 8 1 8 8 8 1 8 8 8 8 8 1 8 8 8 8 8 1 8 1 8 8 8 1 8 1 8 1 8 8 8 1 8 1 8 1 8 8 8 1 8
 8 1 1 1 8 1 8 1 1 1 1 1 1 1 8 1 1 1 8 1 8 1 1 1 8 1 8 1 1 1 8 1 8 1 8 1 1 1 8 1 8
 0 8 8 1 8 1 8 8 8 8 8 1 8 1 8 1 8 1 8 1 8 1 8 8 8 1 8 8 8 1 8 1 8 1 8 8 8 1 8 1 8
 8 1 1 1 8 1 1 1 1 1 1 1 8 1 8 1 8 1 8 1 8 1 1 1 1 1 8 1 1 1 8 1 1 1 8 1 1 1 1 1 8
 8 1 8 1 8 8 8 8 8 8 8 8 8 1 8 8 8 1 8 8 8 8 8 8 8 8 8 1 8 1 8 8 8 8 8 8 8 8 8 8 0
 8 1 8 1 1 1 1 1 8 1 1 1 1 1 8 1 1 1 8 1 1 1 1 1 1 1 1 1 8 1 8 1 1 1 1 1 1 1 1 1 8
 8 1 8 8 8 8 8 1 8 1 8 8 8 8 8 1 8 1 8 1 8 8 8 8 8 8 8 1 8 8 8 1 8 8 8 8 8 8 8 1 8
 8 1 1 1 8 1 1 1 8 1 1 1 8 1 1 1 8 1 8 1 8 1 1 1 8 1 1 1 8 1 1 1 8 1 1 1 1 1 8 1 8
 8 1 8 1 8 8 8 8 8 8 8 1 8 8 8 1 8 1 8 1 8 1 8 1 8 1 8 8 8 1 8 8 8 1 8 8 8 1 8 1 8
 8 1 8 1 1 1 1 1 1 1 8 1 1 1 1 1 8 1 8 1 8 1 8 1 1 1 1 1 8 1 8 1 1 1 8 1 1 1 8 1 8
 0 8 8 8 8 8 8 1 8 8 8 8 8 8 8 8 8 1 8 1 8 8 8 8 8 8 8 8 8 1 8 8 8 1 8 1 8 8 8 1 8
 8 1 1 1 1 1 8 1 1 1 1 1 1 1 1 1 1 1 8 1 1 1 1 1 8 1 1 1 1 1 1 1 1 1 8 1 8 1 8 1 8
 8 1 8 8 8 1 8 1 8 8 8 8 8 8 8 8 8 8 8 8 8 8 8 1 8 1 8 8 8 8 8 8 8 8 8 1 8 1 8 1 8
 8 1 1 1 8 1 8 1 1 1 1 1 1 1 1 1 8 1 1 1 1 1 8 1 1 1 8 1 1 1 1 1 8 1 1 1 1 1 8 1 8
 0 8 8 1 8 1 8 8 8 8 8 8 8 8 8 8 8 1 8 8 8 1 8 8 8 8 8 1 8 8 8 1 8 8 8 8 8 8 8 1 8
 8 1 8 1 8 1 8 1 1 1 1 1 1 1 8 1 1 1 8 1 1 1 1 1 1 1 8 1 8 1 8 1 1 1 1 1 1 1 8 1 8
 8 1 8 1 8 1 8 1 8 8 8 8 8 1 8 1 8 8 8 8 8 8 8 8 8 1 8 1 8 1 8 1 8 8 8 8 8 1 8 1 8
 8 1 8 1 8 1 8 1 1 1 8 1 1 1 1 1 8 1 1 1 1 9 8 1 8 1 8 1 8 1 1 1 8 1 1 1 8 1 1 1 8
 8 1 8 1 8 1 8 8 8 1 8 8 8 1 8 8 8 1 8 8 8 8 8 1 8 1 8 1 8 8 8 8 8 1 8 1 8 8 8 8 0
 8 1 8 1 8 1 1 1 8 1 1 1 8 1 8 1 1 1 8 1 1 1 8 1 1 1 8 1 1 1 8 1 1 1 8 1 1 1 1 1 8
 8 1 8 1 8 8 8 1 8 8 8 1 8 8 8 1 8 8 8 1 8 8 8 1 8 8 8 1 8 1 8 1 8 8 0 8 8 8 8 1 8
 8 1 8 1 1 1 8 1 1 1 1 1 8 1 1 1 8 1 1 1 1 1 1 1 8 1 1 1 8 1 1 1 8 1 8 1 1 1 1 1 8
 8 1 8 8 8 1 8 8 8 8 8 8 8 1 8 8 8 1 8 8 8 8 8 8 8 8 8 8 8 1 8 8 8 1 8 1 8 8 8 1 8
 8 1 1 1 8 1 1 1 1 1 8 1 1 1 8 1 8 1 8 1 1 1 1 1 1 1 1 1 8 1 8 1 1 1 8 1 1 1 8 1 8
 0 8 8 1 8 8 8 8 8 1 8 1 8 8 8 1 8 1 8 1 8 1 8 8 8 8 8 1 8 1 8 1 8 8 8 8 8 1 8 1 8
 8 1 1 1 1 1 1 1 8 1 1 1 8 1 1 1 8 1 8 1 8 1 1 1 8 1 1 1 8 1 1 1 8 1 1 1 1 1 8 1 8
 8 1 8 8 8 8 8 1 8 8 8 8 8 1 8 1 8 1 8 8 8 8 8 1 8 1 8 8 8 8 8 1 8 1 8 8 8 8 8 1 8
 8 1 8 0 0 0 1 1 8 1 1 1 1 1 8 1 8 1 1 1 1 1 1 1 8 1 8 1 1 1 8 1 8 1 8 1 1 1 8 1 8
 8 1 8 8 8 8 8 2 8 1 8 8 8 8 8 1 8 8 8 8 8 8 8 8 8 1 8 1 8 1 8 1 8 1 8 8 8 1 8 1 8
 8 1 8 1 1 1 8 0 8 1 8 1 1 1 8 1 1 1 1 1 8 1 1 1 8 1 1 1 8 1 8 1 8 1 1 1 8 1 1 1 8
 8 1 8 1 8 1 8 8 8 1 8 1 8 8 8 8 8 1 8 1 8 1 8 1 8 8 8 8 8 1 8 8 8 8 8 1 8 8 8 1 8
 8 1 1 1 8 1 1 1 8 1 8 1 8 1 1 1 1 1 8 1 1 1 8 1 1 1 1 1 8 1 1 1 1 1 8 1 1 1 8 1 8
 8 1 8 8 0 8 8 1 8 1 8 1 8 1 8 8 8 8 0 8 8 1 8 8 8 8 8 1 8 8 8 8 8 1 8 1 8 1 8 8 0
 8 1 1 1 8 1 8 1 8 1 1 1 8 1 8 1 1 1 8 1 1 1 8 1 1 1 8 1 8 1 1 1 1 1 8 1 8 1 1 1 8
 0 8 8 1 8 1 8 1 8 8 8 1 8 1 8 1 8 1 8 8 8 8 8 1 8 1 8 8 8 1 8 8 8 8 8 8 8 8 8 1 8
 8 1 1 1 1 1 8 1 1 1 1 1 8 1 1 1 8 1 1 1 1 1 1 1 8 1 1 1 1 1 1 1 1 1 1 1 1 1 1 1 8
 0 8 8 8 8 8 0 8 8 8 8 8 0 8 8 8 0 8 8 8 8 8 8 8 0 8 8 8 8 8 8 8 8 8 8 8 8 8 8 8 0